
[s[?25l[m [m [m [m [m [m [m [48;2;46;46;46m[38;2;147;148;150m▄[48;2;101;102;107m[38;2;232;233;237m▄[48;2;194;196;201m[38;2;236;238;242m▄[48;2;200;202;210m[38;2;246;247;248m▄[48;2;221;222;226m[38;2;231;232;237m▄[48;2;202;204;208m[38;2;241;243;248m▄[48;2;139;142;147m[38;2;220;223;229m▄[48;2;96;98;103m[38;2;116;118;120m▄[m [m [m [m [m [m [m [m [m [m [m
[m [m [m [m [m [m [m [48;2;223;224;228m[38;2;145;145;146m▄[48;2;242;244;247m[38;2;137;141;150m▄[48;2;212;213;218m[38;2;105;80;97m▄[48;2;156;158;165m[38;2;72;83;100m▄[48;2;214;219;231m[38;2;62;63;66m▄[48;2;227;230;238m[38;2;150;107;85m▄[48;2;226;229;237m[38;2;195;193;199m▄[48;2;189;193;202m[38;2;230;232;241m▄[48;2;59;60;64m[38;2;115;117;124m▄[m [m [m [m [m [m [m [m [m [m
[m [m [m [m [m [m [0;38;2;27;15;18m▄[48;2;171;101;115m[38;2;181;90;106m▄[48;2;183;99;115m[38;2;177;87;103m▄[48;2;159;76;96m[38;2;159;71;91m▄[48;2;112;91;114m[38;2;101;83;105m▄[48;2;60;64;72m[38;2;63;59;58m▄[48;2;158;95;58m[38;2;154;96;62m▄[48;2;154;136;133m[38;2;138;123;122m▄[48;2;176;180;195m[38;2;163;169;184m▄[48;2;127;128;135m[38;2;60;62;66m▄[m [m [m [m [m [m [m [m [m [m
[m [m [m [m [m [m [m [0;38;2;109;62;76m▀[48;2;161;89;102m[38;2;109;70;42m▄[48;2;153;112;100m[38;2;217;144;84m▄[48;2;184;125;78m[38;2;232;154;88m▄[48;2;196;122;77m[38;2;236;141;84m▄[48;2;162;97;58m[38;2;183;109;65m▄[48;2;201;125;80m[38;2;229;136;81m▄[48;2;147;140;147m[38;2;181;120;85m▄[48;2;49;50;54m[38;2;48;58;63m▄[m [m [m [m [m [m [m [m [m [m
[m [m [m [m [m [48;2;152;148;143m[38;2;200;182;165m▄[48;2;227;224;218m[38;2;227;224;218m▄[48;2;203;194;182m[38;2;198;189;176m▄[48;2;158;147;135m[38;2;154;146;135m▄[48;2;151;102;62m[38;2;12;7;4m▄[48;2;240;155;90m[38;2;34;31;27m▄[48;2;156;95;57m[38;2;120;143;148m▄[48;2;112;93;72m[38;2;3;106;110m▄[48;2;56;86;83m[38;2;0;78;92m▄[48;2;4;75;89m[38;2;68;94;96m▄[48;2;5;66;73m[38;2;148;131;120m▄[0;38;2;133;116;107m▄[0;38;2;106;90;80m▄[0;38;2;56;54;48m▄[0;38;2;1;32;35m▄[0;38;2;0;17;21m▄[m [m [m [m [m
[m [m [m [m [48;2;107;71;42m[38;2;113;77;44m▄[48;2;210;189;169m[38;2;212;189;168m▄[48;2;229;226;221m[38;2;230;227;222m▄[48;2;197;187;174m[38;2;201;192;180m▄[48;2;155;147;135m[38;2;167;158;145m▄[0;38;2;152;128;108m▄[48;2;87;84;82m[38;2;218;215;218m▄[48;2;141;164;177m[38;2;16;108;113m▄[48;2;7;101;105m[38;2;90;129;118m▄[48;2;113;131;119m[38;2;232;195;162m▄[48;2;207;175;149m[38;2;228;191;160m▄[48;2;217;183;155m[38;2;229;192;159m▄[48;2;223;188;157m[38;2;234;197;163m▄[48;2;212;184;154m[38;2;110;151;136m▄[48;2;36;126;120m[38;2;10;119;119m▄[48;2;9;120;120m[38;2;11;129;128m▄[48;2;2;94;104m[38;2;1;91;100m▄[48;2;0;49;59m[38;2;0;77;93m▄[0;38;2;0;19;23m▄[m [m [m
[m [m [m [m [48;2;90;64;38m[38;2;109;110;82m▄[48;2;181;153;129m[38;2;237;150;86m▄[48;2;176;167;160m[38;2;139;100;68m▄[48;2;159;149;138m[38;2;72;106;105m▄[48;2;163;148;134m[38;2;219;184;153m▄[48;2;223;203;185m[38;2;237;234;233m▄[48;2;183;194;207m[38;2;121;151;167m▄[48;2;28;116;116m[38;2;153;156;136m▄[48;2;223;190;158m[38;2;224;189;156m▄[48;2;221;186;154m[38;2;230;193;160m▄[48;2;234;197;163m[38;2;227;191;158m▄[48;2;227;191;161m[38;2;233;196;162m▄[48;2;228;192;161m[38;2;203;171;146m▄[48;2;21;118;116m[38;2;1;112;112m▄[48;2;10;121;121m[38;2;9;122;121m▄[48;2;9;125;125m[38;2;8;123;124m▄[48;2;0;82;95m[38;2;0;81;95m▄[48;2;0;77;93m[38;2;0;81;95m▄[48;2;0;53;64m[38;2;0;73;88m▄[m [m [m
[m [m [0;38;2;9;106;105m▄[48;2;7;82;82m[38;2;10;121;120m▄[48;2;19;112;111m[38;2;2;83;91m▄[48;2;120;101;75m[38;2;0;65;76m▄[48;2;24;70;73m[38;2;10;76;89m▄[48;2;147;140;123m[38;2;204;173;147m▄[48;2;220;191;165m[38;2;218;199;183m▄[48;2;236;239;246m[38;2;221;226;239m▄[48;2;123;139;146m[38;2;202;178;160m▄[48;2;232;195;161m[38;2;229;193;160m▄[48;2;230;193;160m[38;2;215;181;151m▄[48;2;222;187;155m[38;2;219;185;156m▄[48;2;233;196;162m[38;2;191;161;141m▄[48;2;204;172;147m[38;2;172;148;136m▄[48;2;157;136;123m[38;2;152;133;125m▄[48;2;1;93;102m[38;2;1;76;89m▄[48;2;8;120;120m[38;2;1;97;100m▄[48;2;9;124;124m[38;2;9;126;126m▄[48;2;0;83;97m[38;2;1;103;108m▄[48;2;1;91;101m[38;2;3;112;115m▄[48;2;0;77;93m[38;2;0;77;93m▄[48;2;0;49;59m[38;2;0;77;93m▄[0;38;2;0;40;47m▄[m
[m [48;2;2;33;33m[38;2;10;114;115m▄[48;2;10;128;125m[38;2;5;107;112m▄[48;2;2;97;105m[38;2;0;82;95m▄[48;2;0;79;91m[38;2;0;80;93m▄[48;2;1;79;88m[38;2;1;78;87m▄[48;2;44;91;97m[38;2;49;84;89m▄[48;2;188;159;138m[38;2;165;142;129m▄[48;2;216;205;198m[38;2;180;177;184m▄[48;2;193;196;208m[38;2;168;162;167m▄[48;2;203;171;147m[38;2;175;149;135m▄[48;2;202;170;148m[38;2;171;147;134m▄[48;2;195;165;145m[38;2;155;134;123m▄[48;2;171;147;132m[38;2;156;137;128m▄[48;2;161;141;130m[38;2;148;130;120m▄[48;2;153;134;124m[38;2;154;136;124m▄[48;2;149;131;120m[38;2;154;136;124m▄[48;2;51;88;93m[38;2;133;122;113m▄[48;2;0;74;87m[38;2;6;74;88m▄[48;2;8;123;124m[38;2;7;96;100m▄[48;2;6;122;122m[38;2;11;129;127m▄[48;2;8;125;124m[38;2;9;126;123m▄[48;2;0;94;103m[38;2;0;87;98m▄[48;2;0;77;93m[38;2;3;67;79m▄[48;2;0;79;93m[38;2;14;65;72m▄[m
[48;2;8;90;90m[38;2;10;116;116m▄[48;2;9;120;121m[38;2;7;111;114m▄[48;2;0;82;95m[38;2;0;79;94m▄[48;2;0;77;93m[38;2;0;81;94m▄[48;2;1;76;85m[38;2;0;45;51m▄[0;38;2;0;73;87m▀[48;2;42;55;56m[38;2;38;33;30m▄[48;2;162;139;127m[38;2;169;143;127m▄[48;2;166;163;171m[38;2;160;147;143m▄[48;2;164;148;141m[38;2;184;156;139m▄[48;2;172;147;135m[38;2;170;145;129m▄[48;2;158;136;125m[38;2;183;156;140m▄[48;2;164;142;131m[38;2;166;143;131m▄[48;2;144;126;116m[38;2;149;131;120m▄[48;2;156;137;125m[38;2;151;133;122m▄[48;2;154;136;124m[38;2;151;132;121m▄[48;2;146;128;117m[38;2;155;136;125m▄[48;2;156;137;126m[38;2;140;123;113m▄[48;2;78;71;67m[38;2;58;48;44m▄[48;2;32;52;51m[38;2;13;11;10m▄[48;2;11;129;128m[38;2;2;67;72m▄[48;2;1;97;104m[38;2;12;62;71m▄[48;2;9;66;77m[38;2;35;74;72m▄[48;2;52;60;57m[38;2;3;112;113m▄[48;2;21;65;71m[38;2;1;96;103m▄[m
[0;38;2;4;78;83m▀[48;2;1;88;98m[38;2;0;37;44m▄[48;2;0;81;94m[38;2;0;19;22m▄[0;38;2;0;54;64m▀[m [m [48;2;42;36;33m[38;2;69;60;56m▄[48;2;165;141;126m[38;2;165;141;127m▄[48;2;170;145;129m[38;2;149;127;113m▄[48;2;175;149;133m[38;2;157;133;118m▄[48;2;181;154;137m[38;2;187;157;139m▄[48;2;184;157;141m[38;2;176;150;135m▄[48;2;153;132;122m[38;2;142;124;115m▄[48;2;146;128;118m[38;2;152;134;123m▄[48;2;154;135;124m[38;2;148;130;119m▄[48;2;152;134;123m[38;2;152;133;122m▄[48;2;148;130;119m[38;2;143;125;115m▄[48;2;103;89;82m[38;2;63;52;48m▄[48;2;48;40;36m[38;2;14;11;10m▄[m [m [48;2;5;32;32m[38;2;0;21;23m▄[48;2;2;95;103m[38;2;3;106;109m▄[48;2;2;96;104m[38;2;2;104;108m▄[48;2;1;100;106m[38;2;0;94;102m▄[m
[m [m [m [m [m [m [48;2;83;72;67m[38;2;100;87;82m▄[48;2;170;146;132m[38;2;175;151;136m▄[48;2;160;136;122m[38;2;178;150;134m▄[48;2;181;153;136m[38;2;188;159;141m▄[48;2;187;158;140m[38;2;182;153;136m▄[48;2;167;142;129m[38;2;170;146;132m▄[48;2;154;135;124m[38;2;146;128;118m▄[48;2;144;126;116m[38;2;154;135;125m▄[48;2;154;136;124m[38;2;149;131;120m▄[48;2;148;129;119m[38;2;154;135;124m▄[48;2;99;86;79m[38;2;71;60;55m▄[48;2;54;45;41m[38;2;41;35;32m▄[m [m [0;38;2;0;17;20m▄[48;2;1;47;48m[38;2;4;112;114m▄[48;2;3;109;111m[38;2;2;114;114m▄[48;2;1;107;110m[38;2;0;84;96m▄[48;2;0;82;95m[38;2;0;77;93m▄[m
[?25h
